$ANSIBLE_VAULT;1.1;AES256
66386363396563623332323965616330316131326562613235656531653062316334363461656161
3161356261613066323935353234366439666363363034610a653831373964643137626364613761
33363137316462383538366665363536616531303932336633636564336534303734636630613734
3861343934633862640a363433356134343265306438393539626565636531663665346664663138
66666433613333663933373839383966386136376662613336656665626561623331633833656136
37363336313235383863393866386362393436666362313734376134306536303735383439633434
64653163323437653762343834373932636534646330386532366261346435303465393339333139
31613662643534373330646365353033623234393532363764336132326331643865333666333339
65656237343063613965346338623231376130323464346234653763633165616565373565323834
61393037313036353566633435326237353536643166383334386262623565363633373038666163
30303339373163633431363537656239653238323265656461663732623465383030393061326333
39393936343732366530613931373038633439643530333065646263346539663437333237346432
63636536323136346434353835623763346564383232306531333139376661313738633231666131
34373234353762633631656438343132383766373035383837613161353662643964356261316330
61636638396563373035626638356462333566303034306437316339343565353834383664373563
62333466323731366563313634343863353439353664313637663734356661316363386530633738
35646664633233366563393863663438623134633865633833313430346339643934353534323036
62643834376665653363663432663634303438386237396533393831313537313433656162616631
346538396430383831653338663739323231
