$ANSIBLE_VAULT;1.1;AES256
34643739653165323438366663396166336231386536623461666630313233393635373338396462
3162616130663266623931373562653335363837373062610a376131343566623035633135373364
30316463306233363131356361333065366532303131643463366434333431636663393061383963
3564623834623864620a636639613965333237636532303830393062663264363532646362623837
63346638306634653963616430643633303364653261626532613237653632356461343536646164
65396230343765653764646237343536623166643336633165363430363739636262356630353232
66613039623761616661633530333936363963333264613462333762363132656130353736636633
61663463633061333530356563393337303331353736366465363331306536346232636633323832
30386461323531386231653266313238653564633539373434326465313235326632306239343961
36376339376134386563313232643632343436616334333464313332613061346366626163333838
66633462393165633039633030316637333366316632303965393036313635363833643462623464
37313631326434323233316634366365336632373133626466636532346165383263656336623231
61356265333336666664373330613130636164343762376634653034333730316332353936313332
37643537373161643565666465306536333530653831383735636437363863306162373463623938
64633861303639366435383934633433393436326534373561366264666539653264633230663838
39613366633764633162633430353739306137663132643430666234306531343130313137663532
62343164346630306632666430396164323630323832363136616162613735343861616137626565
36643465346666313039633339396238646565623539353862373062646664383639363437386164
333239386437613431353538386638326465
