$ANSIBLE_VAULT;1.1;AES256
63613633393230366137366339663561656461333437316533333833353531343632663863386630
3966616666626434393539356531303865653664336533320a336639396366303130333862336162
36643562333436396633373466623761323536626433343931316130616239343537326165393261
6664626232336463380a663562373331363834326466356437366263343737616533343664303035
35346365666664346633353864666464633034633837613038333633393336613637626136373463
32356235636364623039323536303337623332616133353032666331643231393261393430626465
36376339616463313766396139666432633238343732623934613537663665343730653031386635
36386133613830633365656662386564613663313530663330383831323332326564396334363965
63306138616466326437353766306239663031326563386437366366363266333134623639663165
66386361623936326439396262313838623165326330613438383463646636616637323733336132
37363138386234373337616632333065646262333536613035653331393231356134356165396566
66616638613361653136386430373561393731643334323464396461333665323632346130643737
33343639343266343037393236613961386461643432333436646164653162363738613965646232
3766353832633761386366373663346636306336363330363765
