$ANSIBLE_VAULT;1.1;AES256
37623238373565633036356136346239303163373661663639313531626134353335346632386265
6138353630653238333435356331616333396166326366360a356365326461613437343962383137
35353064346335303838326639336333333537653637303731626562626333346163343965613163
6131373665633135610a333161343566346564633962623034323936393533653664396166306165
38646536616133396532306133313535376236366438336130373733613538613839646365643133
63353331303266653736326337626363346362633130646337373033386561356532333333636564
31343266623531303330623763653432346638396434373037373332303964613039653664303137
39306161343465626539333665363565613334333331383531653936386666363765653530653738
37643638353535336264333964393663383766623636353065376434623231333237663031613130
62376365396131643461313835373663646261626166303263363765363065353664316630633330
66656664613932663866326637653661303836646362633763646663376537356662616230336339
39636666656336653366303035663264646232626565623863326530353962653635633066646132
33616466626331356662366661386161663730656362633633336236303466643062643032363332
3832336432343561643932363237373833316538373236653832
